200000
207000
214000
221000
228000
235000
242000
249000
256000
263000
270000
277000
284000
291000
298000
305000
312000
319000
326000
333000
340000
347000
354000
361000
368000
375000
382000
389000
396000
403000
410000
417000
424000
425120
426240
427360
428480
429600
430720
431840
432960
434080
435200
436320
437440
438560
439680
440800
441920
443040
444160
445280
446400
447520
448640
449760
450880
452000
453120
454240
455360
456480
457600
458720
459840
460960
462080
463200
464320
465440
466560
467680
468800
469920
471040
472160
473280
474400
475520
476640
477760
478880
480000
487000
494000
501000
508000
509400
510800
512200
513600
515000
516400
517800
519200
520600
522000
536000
543000
550000
557000
564000
571000
578000
585000
592000
599000
606000
613000
620000
627000
634000
641000
648000
655000
662000
669000
676000
683000
690000
697000
704000
711000
718000
725000
732000
739000
746000
753000
760000
767000
774000
781000
788000
795000
802000
809000
816000
823000
830000
837000
844000
851000
858000
865000
872000
879000
886000
893000
900000
