-86.425232
-81.973412
-85.836403
-87.37571
-87.566185
-87.693237
-87.514687
-87.594254
-87.384331
-86.773987
-85.960434
-83.617714
-86.325272
-87.078293
-87.351463
-87.348442
-87.841309
-87.381042
-86.600464
-83.425201
-85.976181
-86.874222
-86.828697
-85.915771
-84.499039
-83.339523
-83.955444
-83.665276
-82.253593
-78.738701
-78.37664
-76.280785
-70.055031
-68.880051
-67.869476
-66.958969
-66.344414
-66.070633
-66.003555
-65.434319
-64.866539
-64.494377
-63.906563
-63.410202
-62.467197
-61.235134
-59.923775
-58.025345
-55.85635
-52.937298
-49.628502
-45.369427
-39.859921
-34.835266
-28.772409
-22.935888
-16.34148
-10.364408
-3.913757
-0.409519
2.926015
6.760117
11.667357
15.776253
19.690666
24.628448
29.622587
34.518204
38.443977
41.807652
44.747372
47.348919
49.753033
51.454334
53.476078
54.87994
56.214798
57.195179
57.768005
58.412308
58.629772
59.337429
59.763733
58.812775
53.624142
47.152298
37.501812
33.824402
30.019205
25.16897
19.077322
11.378242
8.187277
-5.006221
-14.791552
-24.126841
-32.540543
-68.656624
-75.067566
-78.433533
-80.149086
-81.657646
-83.167671
-84.238892
-84.845398
-85.404861
-85.592613
-86.088051
-86.19976
-86.468002
-86.66227
-86.779793
-86.701645
-86.999046
-87.279785
-87.388084
-88.034515
-88.20015
-88.127426
-88.045311
-88.356483
-88.468636
-88.463562
-88.500259
-88.637772
-88.638412
-88.817688
-88.702026
-88.883347
-88.769501
-88.736053
-88.920845
-88.809921
-88.916702
-88.807503
-88.916054
-88.808662
-88.919037
-89.030251
-88.925819
-89.038963
-88.936539
-88.969307
-88.868622
-88.985703
-89.020622
-89.139412
-88.959358
-88.996361
-89.033989
