503.110352
478.888031
506.601807
472.666931
451.143799
431.708344
413.094574
396.206635
379.602295
363.908295
352.932709
350.318512
344.861176
329.241394
315.053772
300.724548
283.591156
270.833099
256.803741
252.846863
250.845001
236.353775
223.120285
209.267868
197.736557
192.22052
181.651733
167.396774
152.314651
140.691254
131.92543
114.098618
100.555244
99.016045
98.133804
96.995613
96.241333
94.69632
92.702904
90.759285
87.76683
85.431763
82.521294
79.465111
76.240959
72.524773
68.903755
65.172455
61.719017
58.214748
55.022289
51.869816
49.083401
47.535027
46.279522
46.054832
46.063763
47.129097
48.275597
50.135311
51.638103
53.568439
55.536713
57.37883
59.420166
61.675903
64.998268
69.437141
74.343834
80.41861
87.094498
94.43042
102.113419
110.627037
119.502441
129.411667
139.942947
150.830917
162.737274
174.974274
186.881485
200.38092
214.662415
333.376312
491.853577
726.557617
1096.609131
1200.843506
1326.453735
1468.606934
1618.323364
1774.359253
1899.37854
1997.141113
2018.312866
1984.72522
1881.952637
1027.397339
843.251953
713.327087
630.020874
572.91748
528.389465
488.797638
455.854645
430.465118
407.44635
389.746094
373.294098
359.420685
346.756866
335.156982
323.892609
315.870422
306.980621
299.306976
282.872955
276.618591
269.666321
264.877075
260.519653
254.971756
249.855774
244.513107
240.83989
236.139908
232.333862
228.864975
225.248856
221.926407
218.06665
214.718887
211.603699
208.96312
205.956314
203.420609
200.515625
198.078552
195.688522
192.925049
190.625153
187.949249
186.182709
183.579407
181.434937
179.750595
177.673126
175.619049
174.004166
172.40921
