-87.117638
-86.427338
-85.889481
-85.376312
-84.648285
-83.887154
-82.861893
-81.528702
-80.010002
-79.143082
-80.154816
-82.063385
-83.679604
-85.05201
-85.74292
-86.209923
-86.599411
-86.911201
-86.924454
-87.016525
-87.251648
-87.266724
-87.256378
-87.219666
-87.377655
-87.394615
-87.387146
-87.546181
-87.564995
-87.449242
-87.444427
-87.604668
-87.625328
-87.566185
-87.507256
-87.668747
-87.610458
-87.552399
-87.494583
-87.657356
-87.578026
-87.461563
-87.404678
-87.564514
-87.3526
-87.435287
-87.297043
-87.241577
-87.407692
-87.352943
-87.593391
-87.465538
-87.569504
-87.516449
-87.305191
-87.411194
-87.199722
-87.307114
-87.317429
-87.42569
-87.129303
-87.078171
-87.009109
-87.052361
-86.908806
-86.859146
-86.428909
-86.378944
-86.399879
-86.037071
-85.899353
-85.53392
-85.076729
-84.526184
-83.647102
-82.811737
-82.025757
-81.627228
-81.98246
-82.868797
-83.575951
-84.482918
-85.066193
-85.507896
-85.861595
-86.198578
-86.167114
-86.522469
-86.475517
-86.758072
-86.861122
-86.741821
-86.697182
-86.819298
-87.000496
-87.124397
-87.007332
-86.966095
-86.925293
-87.27597
-86.977188
-87.197815
-87.066803
-86.859795
-86.821587
-86.953453
-86.74662
-87.10466
-86.974678
-87.03389
-86.904205
-86.869743
-86.513992
-86.706253
-86.349709
-86.316414
-86.186081
-86.153496
-86.023117
-85.982285
-85.761726
-85.721443
-85.877068
-85.734436
-85.591682
-85.448799
-85.305779
-85.162628
-84.754807
-84.611191
-84.355782
-83.911568
-83.86837
-83.645897
-83.568474
-83.680336
-83.903503
-84.23761
-84.61496
-84.914238
-85.290359
-85.445496
-85.67807
-85.833313
-85.988602
-86.001747
-86.157341
-86.312973
-86.24929
-86.263596
-86.200272
-86.137077
-86.293785
-86.230965
-86.246704
-86.184273
-85.901726
-85.839401
-85.777214
-85.715149
-85.431969
-85.37001
-85.086205
-84.985664
-84.659523
-84.559074
-84.455154
-84.212067
-83.996605
-83.585869
-83.216766
-82.991043
-82.537872
-82.272217
-82.272583
-82.190735
-82.500816
-82.892258
-83.282867
-83.529205
-83.857841
-83.879768
-84.209488
-84.007874
-84.03157
-84.138924
-84.16391
-83.964027
-83.764107
-83.564117
-83.591209
-83.391693
-83.192108
-82.992455
-82.706535
-82.506317
-82.074883
-81.786217
-81.584541
-81.060196
-80.532394
-80.148834
-79.853233
-79.466248
-78.92733
-78.444427
-77.958763
-77.806671
-77.562408
-77.409424
-77.59388
-77.625801
-78.089203
-78.033829
-78.25769
-78.333351
-78.004776
-77.740669
-77.294556
-76.93177
-76.31205
-75.584702
-74.585342
-73.73172
-72.865059
-71.879761
-70.772461
-69.646599
-68.501564
-67.522499
-66.827354
-66.342087
-65.852257
-65.466576
-65.077133
-64.485504
-64.197311
-63.703442
-63.201836
-62.922211
-62.310253
-61.803577
-60.941036
-60.025341
-58.630943
-56.737514
-54.218365
-51.256718
-47.958912
-43.817986
-38.521957
-33.967243
-29.019907
-23.873363
-19.223623
-14.019786
-9.539405
-5.12408
-0.880688
0.885474
4.847639
9.189342
12.753035
16.124922
19.776571
23.567566
26.153851
28.970766
30.353119
32.072872
34.063469
35.543831
37.020725
38.047577
39.402977
40.296009
41.225948
42.123196
43.036018
43.80632
44.321945
45.119366
45.673325
46.500317
47.307159
48.028347
49.004398
49.68964
50.349487
50.621059
50.954308
51.031834
50.863136
50.263279
49.685768
48.881538
47.963219
46.873646
45.754215
44.514774
43.486744
42.331299
41.385208
39.997711
38.437164
36.863773
35.092472
32.950451
30.576006
27.582699
24.58383
21.197336
17.22163
12.525819
8.067673
6.340256
-1.218907
-5.989398
-11.708907
-17.640074
-23.264547
-28.838541
-33.414238
-37.911407
-41.826313
-45.258732
-48.537197
-51.436367
-53.538784
-55.676342
-57.502712
-59.073807
-60.492031
-59.238987
-60.708069
-61.924782
-63.140919
-64.434052
-65.648476
-66.861549
-67.825233
-68.788475
-69.751099
-70.712944
-71.428642
-72.144539
-73.104683
-73.741417
-74.456802
-75.097748
-75.812721
-76.286858
-77.00193
-77.237587
-77.634651
-78.03228
-78.510216
-78.670761
-79.113632
-79.471024
-79.554352
-79.956223
-80.121887
-80.444611
-80.531372
-80.618927
-81.024811
-81.349869
-81.440086
-81.531166
-81.858215
-81.869019
-81.962509
-82.108871
-82.304314
-82.317635
-82.414383
-82.663246
-82.843681
-82.928146
-82.999878
-83.415527
-83.377892
-83.685364
-83.936852
-83.735046
-84.151688
-84.008194
-84.48436
-84.448074
-84.761307
-84.810158
-85.125305
-85.151314
-85.178017
-85.434303
-85.46244
-85.405418
-85.434776
-85.693329
-85.637779
-85.669151
-85.614403
-85.875252
-85.821526
-85.768089
-85.80265
-85.978172
-85.926102
-85.874344
-86.050957
-86.000038
-86.177223
-86.127167
-86.077446
-86.255745
-86.206909
-86.296394
-86.248184
-86.200325
-86.380363
-86.333435
-86.423798
-86.377533
-86.558769
-86.422585
-86.604431
-86.559807
-86.651085
-86.607155
-86.790253
-86.655518
-86.839241
-86.704918
-86.889275
-86.847809
-86.940353
-86.730438
-86.992516
-86.783173
-86.876587
-86.723404
-87.100121
-86.891983
-86.986076
-86.853745
-87.212212
-86.910667
-86.8619
-86.873726
-87.234131
-86.932671
-87.112427
-87.152893
-87.077774
-87.043579
-87.054253
-86.923882
-87.106651
-87.148949
-86.987099
-86.857079
-87.139153
-87.148796
-87.107925
-87.205711
-86.988388
-87.17543
-87.04718
-87.145729
-87.244278
-87.116615
-87.215553
-87.314491
-87.187424
-87.286758
-87.068138
-88.103043
-87.961967
-88.039192
-88.116425
-88.11689
-88.194115
-88.053261
-88.130592
-88.207916
-88.208382
-88.285706
-88.145088
-88.222519
-88.222984
-88.300415
-88.159927
-88.237465
-88.237923
-88.31546
-88.39299
-88.252747
-88.330391
-88.330849
-88.408485
-88.486122
-88.268829
-88.346581
-88.424332
-88.538513
-88.362213
-88.399277
-88.440521
-88.518379
-88.518837
-88.416122
-88.457085
-88.535049
-88.535507
-88.613472
-88.474007
-88.474457
-88.590179
-88.630615
-88.451363
-88.491745
-88.569946
-88.686302
-88.686745
-88.509415
-88.58773
-88.588173
-88.705048
-88.744797
-88.56665
-88.645195
-88.684776
-88.685211
-88.763641
-88.664162
-88.664597
-88.743263
-88.782433
-88.605164
-88.68396
-88.762749
-88.763184
-88.841965
-88.70372
-88.704155
-88.783066
-88.861977
-88.822083
-88.724319
-88.80336
-88.803787
-88.88282
-88.703979
-88.745331
-88.824493
-88.903656
-88.86293
-88.766335
-88.72541
-88.846046
-88.925339
-88.708748
-88.788185
-88.867607
-88.868027
-88.947449
-89.026863
-88.810463
-88.890015
-88.890434
-88.969986
-88.753479
-88.833176
-88.912857
-88.913269
-88.992958
-88.776497
-88.856323
-88.93615
-88.936562
-88.799553
-88.879517
-88.879921
-88.959885
-88.960289
-88.823471
-88.903572
-88.903976
-88.984077
-88.984482
-88.847847
-88.848244
-88.92849
-88.928894
-89.009125
-88.872688
-88.873085
-88.953468
-88.953873
-88.747856
-89.114624
-88.898392
-88.97892
-88.979317
-89.059845
-89.140358
-88.924187
-89.004852
-89.005249
-89.085922
-89.086311
-88.950462
-89.031281
-89.03167
-89.11248
-89.112869
-88.977226
-88.977615
-89.058586
-89.139542
-89.139931
-89.004494
-89.004883
-89.085999
-89.08638
-89.167488
-88.951378
-89.032654
-89.113922
-89.114296
-89.195564
-88.979507
-89.060936
-89.06131
-89.142738
-89.224152
-89.008163
-89.089745
-89.090111
-89.171692
-89.172066
-89.037338
-89.037712
-89.119446
-89.119827
-89.201553
-88.985519
-89.067421
-89.067787
-89.149689
-89.231575
-89.015617
-89.097679
-89.098038
-89.180099
-89.180466
-89.262512
-89.046616
-89.128838
-89.129204
-89.211418
-89.211784
-89.077812
-89.078171
-89.160561
-89.160919
-89.097366
-89.027367
-89.109924
-89.192474
-89.046577
-89.275375
-88.912811
-89.142242
-89.142609
-88.996368
-89.079216
-89.308395
-89.092606
-89.092964
-89.029068
-89.176208
-89.112434
-88.978813
-88.979156
-88.979507
-89.062698
-89.063049
-89.14624
-88.92984
-89.013214
-89.013565
-89.096931
-89.097275
-88.963974
-89.047531
-89.047874
-89.131416
-89.13176
-89.215294
