26.371637
32.214798
36.664337
40.75872
46.907276
53.312057
61.836746
73.531036
88.208069
99.490181
93.676605
76.809639
60.926739
47.414616
40.291965
35.360096
31.354504
28.215807
27.836819
26.695057
24.424765
24.070402
23.960646
24.097891
22.62849
22.280056
22.158873
20.720036
20.377449
21.233431
21.097691
19.690798
19.347685
19.695597
20.036125
18.65991
18.997374
19.327583
19.650471
18.298397
18.800987
19.601339
19.905041
18.56072
20.000349
19.33692
20.282267
20.558054
19.242823
19.516037
17.743963
18.485859
17.643482
17.906635
19.258053
18.413342
19.740387
18.894266
18.709381
17.870598
19.787546
20.002329
20.343292
19.986292
20.737757
20.925901
23.634905
23.799517
23.461895
25.612553
26.367338
28.476353
31.185616
34.509811
39.805046
45.089233
50.452438
53.914001
52.570873
47.331604
42.775528
36.605366
32.58342
29.380356
26.860577
24.496077
24.517469
22.078733
22.220791
20.278006
19.477753
20.107588
20.240631
19.291174
18.126972
17.300888
17.8011
17.919621
18.032742
15.962067
17.57263
16.190001
16.856943
17.869987
17.958767
17.138611
18.120838
16.116476
16.748791
16.275522
16.894373
16.959656
18.71089
17.618895
19.342052
19.375986
19.948776
19.971447
20.531256
20.592001
21.631607
21.677975
20.447016
21.048187
21.643396
22.232718
22.81621
23.393877
25.246788
25.807158
27.027321
29.059282
29.322416
30.336466
30.813015
30.478867
29.450577
27.743149
25.789883
24.312628
22.397957
21.514206
20.21138
19.356401
18.512554
18.241413
17.418232
16.605518
16.756256
16.505909
16.651478
16.793524
16.01226
16.154789
15.911528
16.049086
17.071388
17.195217
17.315851
17.433325
18.406153
18.510662
19.455387
19.727196
20.837984
21.094456
21.362877
22.048595
22.742596
24.167107
25.379786
26.17029
27.746719
28.713644
28.71245
29.101374
27.923138
26.368093
24.82831
23.714529
22.258144
21.947435
20.537207
20.987732
20.689951
20.05603
19.767366
20.191248
20.601494
20.998343
20.699013
21.078484
21.445137
21.799177
22.462461
22.790306
23.739479
24.355188
24.637732
25.836868
27.007708
27.879959
28.417078
29.264585
30.351627
31.495958
32.632336
32.866684
33.428265
33.656284
32.997143
32.570553
30.965519
30.571949
29.548088
28.759516
28.991825
29.000711
29.267635
29.522572
30.215572
31.156271
32.490398
33.627323
34.72311
36.072952
37.683029
39.260017
40.803547
42.246933
43.305393
43.733845
44.152042
44.248745
44.336205
44.450294
44.208755
43.987411
43.750618

44.907028
45.361717
46.51046
46.919823

47.346745
48.144981
49.198925
50.575687
51.34716

52.245007
53.423477
54.364597
55.892803
56.855282

57.99192
58.25423
59.50222
60.373974
61.670837

62.65073
63.685841
65.590813
67.376038
69.4646

71.488121
73.713493
76.117653
79.099541
81.919785
85.682785
89.073792
92.425331
96.242653
99.643738
103.638992
107.213829
111.810669
115.984398
120.309547
124.73571
130.111664
135.507233
140.656097
145.776733
150.551605
155.527115
161.69101
167.490646
174.358139
182.668793
193.955933
204.966629
218.025833
233.508255
252.745651
272.464844
295.717926
317.915527
343.429962
371.946838
401.221436
432.223328
463.386841
496.175018
540.924744
586.715088
637.895569
696.987122
757.57605
826.653564
908.705261
1000.148193
1089.114868
1190.260498
1282.335083
1375.400146
1433.922729
1482.025635
1511.744019
1529.810181
1472.65979
1432.064453
1325.506958
1248.732666
1125.65918
1033.236328
948.854248
854.508179
771.406494
705.561951
643.553162
590.146973
551.168213
509.331116
567.2005
527.799255
493.822113
461.543915
427.542969
398.496033
370.780884
347.5383
325.354309
304.156555
283.878906
267.486511
251.799179
233.853622
221.370026
207.505371
195.045395
182.23732
172.604324
160.702271
154.422531
147.244644
140.284195
132.203705
128.115448
121.081055
115.574272
113.083786
107.179504
103.695389
99.190392
96.986748
94.824623
89.501312
85.34256
83.367935
81.42823
77.476837
76.596313
74.766373
72.375221
70.167336
69.354263
67.639915
64.944687
62.84306
61.544609
60.235256
56.362267
56.229
53.161549
50.6922
51.865696
48.178421
48.801552
44.638111
44.581036
41.722546
40.92318
38.128826
37.575436
37.024258
34.83326
34.301582
34.487698
33.954063
31.831905
32.015659
31.496468
31.670015
29.604811
29.779631
29.948235
29.435022
28.091881
28.255423
28.412878
27.089624
27.24576
25.937338
26.092079
26.240881
24.951529
25.098925
24.460182
24.603941
24.741888
23.480276
23.616789
22.991695
23.124645
21.885569
22.633408
21.403084
21.531023
20.921354
21.045748
19.837042
20.561214
19.360912
20.077398
18.885408
19.001303
18.410498
19.48204
17.936159
18.997101
18.412796
19.142994
16.989033
18.029119
17.452721
18.120533
16.043911
17.63405
17.787369
17.716934
15.663968
17.227686
16.16522
15.896651
16.241486
16.312572
16.250988
16.876347
15.822168
15.549947
16.381878
16.993496
15.391901
15.337824
15.446701
14.899375
15.992489
14.951041
15.54159
14.997847
14.455911
15.039758
14.499627
13.961262
14.538523
14.001905
15.066771
9.442567
10.094748
9.679167
9.266422
9.26416
8.854243
9.497985
9.090087
8.68494
8.682728
8.280311
8.915778
8.515314
8.513142
8.115343
8.74342
8.347541
8.345406
7.95212
7.561432
8.181535
7.79269
7.7906
7.404291
7.020486
8.015209
7.630704
7.248684
6.691956
7.474405
7.294327
7.094562
6.719137
6.717126
7.137793
6.94186
6.570504
6.568508
6.199491
6.790513
6.788566
6.244842
6.05612
6.827092
6.638597
6.275132
5.738372
5.736469
6.489887
6.130249
6.128376
5.595661
5.415697
6.16441
5.809092
5.630951
5.629111
5.277536
5.666748
5.664944
5.315416
5.142218
5.871731
5.523695
5.177733
5.17596
4.832053
5.383468
5.381713
5.039264
4.698833
4.870852
5.242499
4.903472
4.90176
4.564739
5.27854
5.102521
4.766907
4.433195
4.6048
4.965174
5.137604
4.631208
4.300798
5.158017
4.827065
4.498015
4.496393
4.1692
3.843866
4.689837
4.363995
4.362401
4.03837
4.878007
4.553483
4.23078
4.229213
3.9083
4.739351
4.417956
4.098324
4.096785
4.603055
4.284725
4.2832
3.966624
3.965099
4.466014
4.150705
4.149221
3.835612
3.834125
4.329771
4.328302
4.015964
4.014479
3.703836
4.194273
4.192829
3.8834
3.881941
4.62185
3.268064
4.058082
3.751527
3.750093
3.445173
3.141865
3.924022
3.620291
3.618882
3.316748
3.315364
3.790632
3.48967
3.488285
3.188914
3.187542
3.657888
3.656542
3.358298
3.061622
3.060274
3.525761
3.524428
3.228873
3.22755
2.933537
3.687329
3.392907
3.1
3.0987
2.807297
3.553747
3.261956
3.26068
2.970365
2.681542
3.420753
3.131551
3.130297
2.842535
2.84128
3.288323
3.287082
3.000426
2.999171
2.713956
3.440793
3.155204
3.153997
2.869823
2.587082
3.30694
3.023845
3.022659
2.740956
2.739757
2.459462
3.172449
2.891807
2.890629
2.61137
2.610192
3.039666
3.038513
2.760273
2.759119
2.956469
3.183439
2.906232
2.630374
3.100901
2.354735
3.519492
2.774434
2.773298
3.241316
2.966702
2.226477
2.914483
2.913368
3.106373
2.639777
2.832978
3.244275
3.243203
3.242118
2.970829
2.969753
2.699746
3.376147
3.105842
3.104789
2.835765
2.834711
3.238073
2.970024
2.96899
2.702213
2.701178
2.435655














