-523.77417
-515.968323
-510.180573
-503.976379
-500.73111
-497.797241
-493.777222
-493.699524
-500.763885
-518.745544
-539.791443
-550.950867
-550.072144
-547.677124
-541.289307
-533.769836
-527.664429
-522.883423
-518.086914
-512.198792
-508.800049
-504.188782
-499.993469
-496.208191
-494.066681
-489.630096
-485.572815
-483.508728
-479.194061
-476.635193
-472.695374
-470.724243
-466.551208
-463.385498
-460.239716
-458.356232
-455.250458
-452.163879
-449.09613
-447.288269
-444.503143
-442.13739
-439.134552
-436.384888
-432.544983
-431.698853
-429.613617
-426.685608
-425.019073
-422.12619
-422.194092
-417.631805
-415.67276
-412.848785
-409.153534
-407.248932
-403.581055
-401.711823
-399.3125
-397.473328
-394.606415
-391.897064
-389.357086
-388.147461
-384.004761
-381.350311
-378.714874
-376.077026
-372.903809
-369.714172
-367.785248
-364.585846
-362.036469
-360.123016
-357.523163
-357.50708
-360.162476
-366.309357
-373.232056
-378.320831
-379.913025
-378.976685
-377.452118
-373.971649
-371.23526
-368.667572
-365.951477
-363.321838
-360.77655
-357.997986
-355.182861
-353.215088
-350.735931
-347.145599
-345.940643
-344.427399
-340.498779
-338.098145
-335.709412
-335.484558
-332.770569
-330.769775
-328.988586
-325.727234
-323.402283
-322.018494
-318.78595
-318.656586
-316.906219
-314.109924
-312.370148
-310.118195
-307.151184
-306.148926
-303.186249
-300.965698
-299.243652
-297.038605
-295.323151
-293.176697
-291.896698
-289.758392
-283.658447
-282.200287
-280.748108
-279.302032
-277.861908
-276.427704
-275.011932
-273.581512
-273.472626
-272.435242
-272.9505
-272.425476
-273.346222
-275.208038
-275.735596
-274.920959
-273.590698
-273.184448
-271.871307
-270.078766
-267.433472
-265.698944
-263.986969
-260.978943
-259.324249
-257.690491
-255.602448
-252.750214
-250.718246
-248.70784
-247.194122
-245.226303
-242.549103
-240.631958
-238.258606
-236.379822
-234.519974
-232.67865
-230.374817
-228.569321
-226.296875
-224.834946
-222.914352
-221.467514
-220.056595
-217.520035
-216.258011
-214.976044
-213.372406
-212.864746
-211.839096
-211.59787
-211.599197
-212.190033
-212.120605
-211.462799
-210.809296
-209.08725
-206.834137
-204.683167
-202.518707
-199.949265
-197.900513
-195.376266
-193.394333
-190.953674
-188.539764
-186.152039
-184.280655
-181.944992
-179.633896
-177.346893
-175.505844
-173.257172
-170.532043
-168.72583
-166.535507
-164.244141
-161.954086
-160.55278
-158.781754
-157.380157
-155.095139
-154.042618
-152.981628
-152.100128
-151.566284
-150.685959
-150.003204
-148.458069
-146.804794
-144.248489
-142.153564
-139.282654
-136.451782
-133.464371
-129.813248
-127.18515
-124.06266
-121.211266
-117.837868
-115.233231
-112.624825
-110.233437
-108.043663
-105.830391
-103.594116
-102.106522
-101.17244
-99.827637
-98.482895
-96.945084
-95.414436
-93.131332
-91.439255
-89.015228
-86.618401
-83.927895
-80.722282
-77.428284
-73.642487
-69.954048
-65.847977
-61.284424
-56.297604
-51.529869
-46.850227
-41.667793
-36.113022
-31.590603
-27.103119
-22.568153
-18.569708
-13.858618
-9.641679
-5.350759
-0.947702
0.984308
5.562738
10.899674
15.722101
20.667677
26.504448
33.203686
38.842693
45.354252
50.175598
55.817135
62.490749
68.760361
75.143471
81.110336
88.07576
94.80896
101.629486
108.796516
116.464622
124.800148
132.337341
141.243393
149.243896
158.65004
168.585373
179.754822
192.705811
205.520706
220.41272
236.302856
252.700378
269.545563
286.954407
304.036926
321.117798
338.767395
352.625488
366.659088
381.870331
394.482635
409.974609
422.112518
437.209534
453.852905
465.644592
478.315155
489.713959
491.044739
488.414398
474.710297
457.562195
422.381561
368.939636
284.893158
194.956741
159.32637
-31.533274
-158.60788
-317.056488
-468.289124
-615.694214
-729.865173
-823.832825
-876.661804
-924.674072
-957.462708
-967.110229
-967.583252
-954.863342
-942.577332
-926.441956
-919.980286
-899.947693
-952.961426
-940.837646
-925.81012
-911.365356
-893.713745
-880.458984
-867.669556
-852.690002
-838.313354
-824.501221
-811.218384
-796.136414
-781.662415
-769.929138
-759.063049
-746.055481
-732.918579
-720.867859
-707.346069
-696.184814
-681.763123
-671.643555
-661.818665
-650.395386
-639.456848
-629.571655
-621.827698
-613.392395
-605.141296
-595.490967
-589.238342
-581.525879
-573.965698
-566.677002
-560.981323
-553.86554
-546.883972
-541.548889
-536.115234
-529.476501
-522.173828
-519.263428
-514.14679
-507.910278
-504.405273
-500.522522
-496.096252
-490.567932
-488.283569
-484.335907
-480.405945
-477.2435
-472.442719
-470.36264
-464.955231
-462.262146
-458.634766
-455.048523
-450.555084
-447.0737
-442.959595
-438.890808
-436.203217
-432.220093
-429.149536
-425.23819
-422.692169
-419.697906
-415.894257
-412.945496
-410.522186
-407.618195
-404.731415
-401.082397
-399.545044
-396.717773
-393.907013
-392.414612
-389.636444
-388.17157
-385.425354
-382.694733
-381.272278
-378.572571
-377.878662
-375.201569
-372.539337
-371.177948
-368.545166
-367.88092
-365.269684
-363.952026
-362.025116
-360.726318
-358.164398
-357.53064
-354.989197
-353.73172
-351.843262
-350.603607
-348.726074
-347.504028
-345.02887
-344.432495
-341.032135
-341.388611
-338.007233
-337.429291
-334.376587
-335.382019
-332.037933
-331.476105
-329.657654
-329.48114
-326.730255
-324.438904
-324.379486
-324.231934
-321.495026
-320.481812
-319.644409
-318.169006
-315.858948
-315.809052
-314.036804
-313.053467
-312.239502
-311.243591
-309.482239
-308.00592
-307.963959
-305.759247
-305.263733
-303.976166
-303.032959
-301.297882
-300.812805
-300.329346
-298.603027
-298.124695
-297.647949
-295.93042
-295.458679
-294.184357
-285.099792
-283.676941
-282.720123
-281.769836
-281.771179
-280.827271
-279.434296
-278.504578
-277.581116
-277.58255
-276.665253
-275.300781
-274.397217
-274.398682
-273.501007
-272.156738
-271.272339
-271.273834
-270.395203
-269.522339
-268.204803
-267.344696
-267.346252
-266.491699
-265.642609
-265.19458
-264.352417
-263.515686
-262.293274
-261.410645
-261.023224
-260.592804
-259.778473
-259.780029
-258.139465
-257.721405
-256.923767
-256.925354
-256.13266
-254.900192
-254.90181
-253.742401
-253.343704
-252.523743
-252.129379
-251.363663
-250.229935
-250.231613
-249.404388
-248.653931
-248.655609
-247.541153
-247.16835
-246.360367
-245.625961
-245.260483
-245.262207
-244.535416
-243.010391
-243.012115
-242.296432
-241.944565
-241.145752
-240.439865
-239.738113
-239.739853
-239.042206
-237.909683
-237.911407
-237.223282
-236.539139
-236.892792
-235.422241
-234.747314
-234.749069
-234.078079
-233.319489
-232.974762
-232.31279
-231.654526
-232.000793
-230.564468
-230.909134
-229.916809
-229.271011
-228.834778
-228.193878
-227.556671
-227.558487
-226.92482
-226.294724
-225.860275
-225.235001
-225.236847
-224.615005
-224.179886
-223.562759
-222.949097
-222.950958
-222.340652
-221.906113
-221.300446
-220.69809
-220.699921
-219.665115
-219.070587
-219.072403
-218.481125
-218.482956
-217.459625
-216.875977
-216.877853
-216.297333
-216.299179
-215.287094
-215.288971
-214.715927
-214.717773
-214.147827
-213.146729
-213.148575
-212.585876
-212.587723
-211.453171
-211.471313
-211.039581
-210.486984
-210.488846
-209.939163
-209.392395
-208.961197
-208.418472
-208.420303
-207.880417
-207.882324
-206.912689
-206.379623
-206.381439
-205.851151
-205.853043
-204.893433
-204.89534
-204.371613
-203.850616
-203.852493
-202.90271
-202.904587
-202.390076
-202.391953
-201.880096
-201.44989
-200.941757
-200.436203
-200.438095
-199.935135
-199.505463
-199.006149
-199.008072
-198.511276
-198.016998
-197.587891
-197.097214
-197.099121
-196.61087
-196.612793
-195.696533
-195.698456
-195.216217
-195.218079
-194.738251
-194.309097
-193.832748
-193.834656
-193.360657
-192.888977
-192.460388
-191.992126
-191.994064
-191.528091
-191.530014
-191.06636
-190.638275
-190.177979
-190.179886
-189.721817
-189.72374
-188.838455
-188.840378
-188.387802
-188.389725
-187.64946
-187.511307
-187.064194
-186.619202
-186.330353
-186.178345
-185.458435
-185.311172
-185.313049
-185.023346
-184.586548
-184.441986
-184.015015
-184.016907
-183.292831
-183.586548
-182.865173
-182.007034
-182.008942
-182.010834
-181.586395
-181.588318
-181.165878
-180.736633
-180.31723
-180.319122
-179.901672
-179.90358
-179.057526
-178.644989
-178.646912
-178.236298
-178.23822
-177.829514













