524.437622
516.973022
511.496338
505.621857
502.923401
500.64386
497.634125
499.145294
508.473328
528.200012
547.859558
556.279236
553.436035
549.725708
542.786865
534.939758
528.595154
523.644165
518.834229
512.893982
509.385956
504.763031
500.567261
496.792999
494.584595
490.136749
486.078156
483.952484
479.627136
477.10791
473.165955
471.135895
466.952209
463.803864
460.675629
458.735901
455.646667
452.576752
449.525848
447.662415
444.900574
442.571686
439.585449
436.779419
433.007141
432.131714
430.092133
427.180573
425.454468
422.577087
422.566803
418.040741
416.047028
413.236938
409.606506
407.664978
404.063538
402.155914
399.750549
397.874847
395.102234
392.407196
389.888184
388.661682
384.564301
381.924011
379.45166
376.829346
373.641144
370.600281
368.729218
365.696228
363.377136
361.772736
359.732208
360.339203
363.679047
370.255676
376.91626
381.270142
382.313538
380.740448
378.855896
375.123993
372.20575
369.480499
366.771851
363.992065
361.460205
358.571838
355.716522
353.786957
351.319489
347.681213
346.415222
344.861633
340.963776
338.572693
336.19339
335.864075
333.234222
331.165771
329.420166
326.217041
323.900543
322.474243
319.300568
319.063873
317.348511
314.531311
312.826691
310.581604
307.720581
306.655487
303.802582
301.588745
299.907837
297.709229
296.03598
293.898987
292.697113
290.568176
284.39444
282.984161
281.581146
280.185516
278.797089
277.415833
276.168365
274.796021
274.804932
273.980652
274.520996
274.109375
275.077454
276.890625
277.303894
276.31723
274.803558
274.264191
272.792358
270.934326
268.196136
266.403076
264.635284
261.615662
259.908569
258.224976
256.151093
253.288605
251.270599
249.27417
247.712189
245.757843
243.07045
241.166565
238.869415
237.004425
235.158371
233.330826
231.108948
229.317642
227.131653
225.69873
223.8862
222.469849
221.09111
218.634644
217.450577
216.330185
214.876511
214.467438
213.648499
213.537186
213.538345
214.176331
213.950592
213.100433
212.266357
210.427795
208.02832
205.856476
203.557373
201.047745
198.979111
196.402985
194.401947
192.018204
189.661972
187.332626
185.439499
183.161896
180.909454
178.681625
176.937454
174.749664
172.176483
170.474579
168.348129
166.263885
164.190567
162.955475
161.304611
160.077881
158.037094
157.229523
156.423294
155.610626
155.208847
154.398849
153.58963
151.988937
150.035034
147.452606
145.192032
142.22084
139.497726
136.578842
133.071686
130.566635
127.689171
125.151443
122.234978
120.039551
117.856033
115.985641
114.42659
112.877899
111.340332
110.501335
110.050987
108.987183
107.927216
106.565948
105.212234
103.19532
101.565506
99.290497
86.8077360343206
84.8663910274464
82.9601692048894
81.0974830406496	
79.2879746616578	
77.5426486147333	
75.8739999656748	
74.2961279075334	
72.8248214493118	
71.4775998954050	
70.2736873218071	
69.2338981256591	
68.3804114021827	
67.7364170576330	
67.3256276455623	
67.1716673696751	
67.2973720809372	
67.7240574569949	
68.4708307562317
69.5540279390952
70.9868480867596
72.7792311804458
74.9379891728132	
77.4671632746377	
80.3685518665851	
83.6423392493194	
87.2877562593219	
91.3037160017778	
95.6893859874796	
100.444676538079	
105.570640889513	
111.069793424664	
116.946358907168	
123.206468343609	
129.858317325325	
136.912301458324	
144.381141593465	
152.280009557776	
160.626663271183
169.441598656523
170.654633
180.289001
189.407974
199.333481
208.625488
218.713562
229.368073
241.776291
255.320679
269.517212
286.268494
305.708923
325.374847
346.684387
369.958008
395.371735
421.13385
449.680389
474.7789
502.37738
533.075439
562.667908
595.731628
626.822388
661.318237
706.103394
749.039063
797.305542
851.827942
902.799194
960.158691
1025.229248
1099.845215
1168.151245
1246.128662
1313.600952
1389.14856
1442.747192
1482.361084
1520.041626
1562.320068
1545.32251
1558.809814
1513.166138
1496.005981
1426.760132
1386.578369
1347.983398
1290.537231
1237.451172
1187.258057
1141.320557
1098.438965
1072.450562
1034.081299
1108.986816
1078.771362
1049.278198
1021.572144
990.715515
966.44043
943.572449
920.7948
899.235596
878.81366
859.454773
839.870361
821.217957
804.6604
790.684143
774.375427
758.427551
743.546143
728.100769
714.49176
699.033081
687.594421
676.523193
663.695679
652.164551
641.109253
632.476929
623.729248
614.55957
604.452026
597.528687
589.558105
581.745911
573.701416
567.435791
560.104675
552.912842
547.062927
541.559387
534.729248
527.16571
523.982788
518.803345
512.394409
508.569061
504.452209
499.899231
494.252136
491.525726
487.588928
483.338409
479.928192
475.281158
472.823608
467.509308
464.412384
460.796387
456.957245
452.40976
448.696655
444.550476
440.449707
437.591827
433.579071
430.533081
426.591614
423.889069
420.917267
417.085205
414.158142
411.588287
408.704559
405.837921
402.161041
400.531403
397.722717
394.93042
393.348541
390.587891
389.03717
386.307526
383.593323
382.08786
379.403687
378.669495
376.007416
373.360046
371.919861
369.301086
368.598694
366.000946
364.609467
362.731934
361.360718
358.810974
358.142242
355.612518
354.287506
352.443542
351.137756
349.303558
348.016815
345.551697
344.924194
341.588165
341.859467
338.540649
337.931305
334.924103
335.812042
332.527039
331.935242
330.155304
329.871521
327.20578
324.926147
324.862946
324.610077
321.956268
320.889252
320.039459
318.583282
316.279907
316.226898
314.48996
313.453064
312.626465
311.674408
309.948425
308.390259
308.345673
306.14917
305.627136
304.396576
303.40155
301.698456
301.186462
300.677063
298.981537
298.477081
297.975189
296.287323
295.790283
294.569916
285.256134
283.856506
282.885773
281.92218
281.923431
280.966827
279.595673
278.652893
277.716949
277.718323
276.789124
275.445129
274.529297
274.530701
273.621368
272.29715
271.400757
271.402161
270.512115
269.628387
268.329559
267.458252
267.459747
266.594543
265.735352
265.315674
264.462524
263.615356
262.378632
261.517487
261.125122
260.689362
259.865356
259.866852
258.238129
257.81488
257.007782
257.009308
256.207672
254.990631
254.992188
253.819229
253.416077
252.616013
252.216766
251.441971
250.295731
250.297363
249.488815
248.729492
248.731125
247.604385
247.227676
246.437485
245.694641
245.325119
245.326797
244.592361
243.076447
243.07814
242.354736
241.999207
241.217224
240.503311
239.794022
239.795715
239.091034
237.970581
237.972275
237.276794
236.5858
236.942856
235.480606
234.798523
234.800247
234.122589
233.379196
233.030624
232.361694
231.696945
232.046494
230.61792
230.966278
229.96344
229.31134
228.892899
228.244934
227.60112
227.602905
226.96312
226.327362
225.908966
225.277267
225.279083
224.651306
224.232956
223.609131
222.989243
222.991074
222.375
221.956711
221.344543
220.736145
220.737946
219.713333
219.112488
219.114273
218.517136
218.518936
217.505478
216.915695
216.917542
216.331345
216.33316
215.330627
215.332474
214.753479
214.755295
214.179855
213.187988
213.189804
212.621338
212.623169
211.503677
211.496567
211.078598
210.520416
210.522247
209.967422
209.41597
208.998032
208.449905
208.451721
207.906876
207.908752
206.947403
206.409119
206.410919
205.875854
205.877716
204.926086
204.927963
204.3992
203.873611
203.875458
202.933334
202.935196
202.415833
202.417679
201.901413
201.483627
200.970398
200.460175
200.462051
199.954849
199.537109
199.032883
199.03479
198.533493
198.035156
197.617493
197.122086
197.123978
196.631424
196.633316
195.724152
195.726059
195.239273
195.241119
194.757156
194.339554
193.858429
193.860321
193.381958
192.906326
192.4888
192.01593
192.017853
191.547699
191.549606
191.082184
190.664673
190.199966
190.201859
189.739792
189.741699
188.862915
188.864822
188.40802
188.409927
187.672745
187.53833
187.086761
186.637741
186.356155
186.193237
185.491821
185.33194
185.333801
185.051743
184.610382
184.455429
184.038086
184.039963
183.319153
183.60553
182.887115
182.03595
182.037842
182.039703
181.610703
181.612595
181.185989
180.768158
180.343979
180.345856
179.924026
179.925919
179.086807
178.669678
178.671585
178.256775
178.258682
177.846191














